13
a;a;296.00;5.00;1;46;18;3;3;15;65;9;0;53;16;0;23;9;0;28;9;0;14;9;0;4;6;47;9;48;9;3;3;1;-1;1;46;19;4;3;24;15;0;1;1;9;-1
jon;z;0.00;0.00;0;0
g;d;8.50;0.00;1;50;18;3;3;15;56;18;0;55;18;0;25;18;0;17;18;0;93;18;0;0;0;0;0;0;-1;0
juanito;oyar;0.00;0.00;0;0
t;r;0.00;0.00;0;0
w;q;0.00;0.00;0;0
k;a;0.00;0.00;0;0
p;o;0.00;0.00;0;0
u;u;66.50;1.00;1;50;18;3;3;15;53;10;0;65;10;0;23;10;0;28;10;0;14;10;0;0;0;1;1;0;-1;1;54;15;3;3;52;19;0;0;1;31;3;9;-1
d;e;0.00;0.00;0;0
ima;agirretxe;11.00;1.00;1;50;18;3;3;15;33;11;0;56;11;0;55;11;0;25;11;0;17;11;0;0;0;1;1;0;-1;1;50;15;3;3;47;4;0;0;1;91;15;0;-1
ola;ola;0.00;1.00;0;1;50;15;3;3;47;17;0;0;1;46;6;0;-1
fernando;fer;648.49;6.00;0;0
